tasks
16




! GGA exchange correlation
xctype
  20  0  0

rgkmax
  7.0

avec
    5.60000000  5.60000000   0.00000000
    5.60000000  0.00000000   5.60000000
    0.00000000  5.60000000   5.60000000

sppath
  '/home/jose/apps/elk-5.2.10/species/'

atoms
  2              : nspecies
  'Ga.in'                  : spfname
  1                      : natoms
  0.00000000  0.00000000  0.00000000     0.00000000  0.00000000  0.00000000   
  'As.in'                  : spfname
  1                      : natoms
  0.25000000  0.25000000  0.25000000     0.00000000  0.00000000  0.00000000   


ngridk
  3 3 3


spinorb
.true.

ngridk
1  1  1

vkloff
1.0 1.0 1.0 

kstlist
1   1
1   2
1   3
1   4
1   5
1   6
1   7
1   8
1   9
1   10
1   11
1   12
1   13
1   14
1   15
1   16
1   17
1   18
1   19
1   20
1   21
1   22
1   23
1   24
1   25
1   26
1   27
1   28
1   29
1   30
1   31
1   32
1   33
1   34
1   35
1   36
1   37
1   38
1   39
1   40
1   41
1   42
1   43
1   44
1   45
1   46


rgkmax
7.0

