tasks
0




! GGA exchange correlation
xctype
  20  0  0

avec
    10.76032083  0.00000000   0.00000000
    5.38016042  9.31871119   0.00000000
    5.38016042  3.10623706   8.78576517

sppath
  '/home/jose/apps/elk-5.2.10/src/../species/'

atoms
  3              : nspecies
  'Co.in'                  : spfname
  2                      : natoms
  0.00000000  0.00000000  0.00000000     0.00000000  0.00000000  0.00000000   
  0.24999997  0.24999997  0.24999997     0.00000000  0.00000000  0.00000000   
  'Al.in'                  : spfname
  4                      : natoms
  0.62499988  0.62499988  0.62499988     0.00000000  0.00000000  0.00000000   
  0.62499988  0.62499988  0.12499998     0.00000000  0.00000000  0.00000000   
  0.62499988  0.12499998  0.62499988     0.00000000  0.00000000  0.00000000   
  0.12499998  0.62499988  0.62499988     0.00000000  0.00000000  0.00000000   
  'O.in'                  : spfname
  8                      : natoms
  0.37499994  0.37499994  0.37499994     0.00000000  0.00000000  0.00000000   
  0.37499994  0.37499994  0.87499988     0.00000000  0.00000000  0.00000000   
  0.37499994  0.87499988  0.37499994     0.00000000  0.00000000  0.00000000   
  0.87499988  0.37499994  0.37499994     0.00000000  0.00000000  0.00000000   
  0.87499988  0.87499988  0.37499994     0.00000000  0.00000000  0.00000000   
  0.87499988  0.87499988  0.87499988     0.00000000  0.00000000  0.00000000   
  0.87499988  0.37499994  0.87499988     0.00000000  0.00000000  0.00000000   
  0.37499994  0.87499988  0.87499988     0.00000000  0.00000000  0.00000000   


ngridk
  3 3 3



rgkmax
  7.0

